a:0.0847322
b:0.0132586
c:0.0193493
d:0.0450865
e:0.0951497
f:0.00805913
g:0.0672956
h:0.0802199
i:0.141945
j:0.0321994
k:0.00310109
l:0.0150969
m:0.0116802
n:0.10709
o:0.0543527
p:0.00245116
q:0.00818911
r:0.00785486
s:0.0290611
t:0.0116987
u:0.0686325
v:0.000464235
w:0.0083191
x:0.0149484
y:0.0279098
z:0.0418555
