a:0.0454372
b:0.0143359
c:0.0209216
d:0.0487501
e:0.0678044
f:0.00871398
g:0.0727638
h:0.0867383
i:0.146752
j:0.0348158
k:0.0317036
l:0.0163237
m:0.0126293
n:0.0412609
o:0.0587692
p:0.0488304
q:0.00885453
r:0.00849312
s:0.0314225
t:0.0126493
u:0.0742094
v:0.00722819
w:0.00899508
x:0.016163
y:0.0301777
z:0.0452565
